35923414
150053263
75703813
149154919
4989786
84290115
91161882
81208918
43027352
128640527
92361205
109831737
73578460
153769952
22231901
145050746
68237841
88491614
140507943
26702795
892538
70978299
106731135
93023719
98183652
154095140
14444138
9938173
37079958
3934057
35443212
5687195
153062878
82367101
17159676
109452018
133090848
92951663
68199151
139231671
22313141
6730103
122224046
1504849
45267611
131182173
125284568
159973165
62837360
49929493
107420001
21412708
155308081
82587197
68779325
37117299
133297101
20491769
8114975
43393125
45456027
157199077
17495063
15632716
127545543
39924013
117949708
108700884
96392398
10397583
58647860
46121037
72816747
60955933
12616473
28556647
136788606
152816471
84617095
59120418
81724669
101295700
83661667
53695149
64903500
88499637
139961155
139054474
69655867
51386837
21885444
59762143
12206646
113850856
111050197
19124290
153664978
124537759
19175823
128446116
52775333
968202
42884116
43258982
95342962
13952794
41792191
133418188
94317634
86335337
38449040
23988096
79333830
119169166
157254182
128666957
47151231
92004028
120100621
74873446
142914592
132858699
111242737
124060686
98120802
84111750
137397897
54977079
86396360
153951174
24023120
4924339
82994828
119989186
152154530
126376949
64326541
84690182
89265894
144116604
45517056
57763105
100015403
127935540
2143167
63907789
42700789
158553346
17991191
135887372
98351673
148358384
3575782
94951295
134074688
36091294
74251789
16567766
144670768
77590227
10889078
82994466
138937720
158286994
99086430
111150691
39498483
77668499
47895635
45419721
1560657
55164410
138890129
50380106
58988922
145446721
72425940
135486622
34523136
112998106
13132354
114465451
35656818
48393315
153456890
37509998
152349247
143283389
30179954
10119116
115075079
125393857
133320507
64411758
73025247
68096194
132202962
136853108
159288760
14015470
121828603
146783872
134018532
104847036
70120504
94790917
138034529
22686198
62192174
90523007
94378753
618848
31166568
56571913
42073300
99982693
157173351
78714141
57958764
96981050
106707033
58497510
96327723
53986814
20014796
78275471
94203921
112777923
61415055
89033480
138012239
93167857
129907731
159165983
52612842
70363471
135116091
158533434
117437873
134607103
156034796
43285742
112302082
61956200
55638743
149933117
110052759
8477864
23847971
158076060
28881511
70067187
138600679
55977685
116986153
50581688
55928648
108479381
87213357
94260933
85863171
89385975
154718713
10569089
97048421
42914018
147673368
133162614
144323759
84590747
5731530
107628869
117732028
126145214
15560741
98966634
136224444
48030526
42484242
6373872
5324242
12067
98437609
60046136
93411848
96765018
121894473
32340333
104667147
90223876
29728643
142028810
155926844
147424398
118333438
107557201
140300157
86894140
105292556
45827574
2765875
79962694
30129272
3610868
132400293
92161115
93959841
24937251
101730220
157742237
48454015
122225017
124375734
86130030
102606284
111242907
152533122
62140709
88070560
67285101
43831383
58729631
32713469
109695575
1983737
157987594
123392694
76646919
28069006
154393794
56021498
156808475
95668917
59509208
34451729
94693217
27212514
127226280
72369256
124824380
138114852
91416913
22712360
136307313
83092485
123923868
23662845
41146648
131706026
23928158
147585450
137415494
8055127
129813348
42021617
151467273
51436905
117468653
78786635
71413503
81345180
44841749
82955484
24145457
133360112
76264966
145960835
101548972
132795285
91124208
124761914
3296985
2293960
115996455
142725676
159662451
113416323
151096542
153375115
92738639
62015311
8407424
146550676
114431855
122996202
40362552
104552422
10501710
136160631
15401446
24831334
91231934
123242236
42752881
149172953
154139525
94991079
51891912
106649175
12427433
70660940
157899276
57074215
45836113
4394952
38854046
139035482
131174626
9891041
31898264
84833220
79122959
47729290
42125163
23839477
82935760
59149791
32894602
27434646
11853015
98627692
95344939
100042982
92735530
9704733
65115741
21485573
44347532
68771054
72714288
53462537
93647847
29839917
58645879
45309652
53739614
155754274
116154020
70021931
69860554
157732842
22522060
124576799
141889735
50550684
48918679
105444577
41499638
43752607
44433359
37925241
26344188
150591953
97497574
57499474
147286436
53790825
63400464
100333044
72147827
17189231
109789784
51905423
107822149
57297080
43892736
95805954
158047358
53104990
119191247
109565711
8452378
121863631
141493362
156257143
69793605
69871025
79945811
35738505
135738001
146625096
148495229
114717045
80991125
74738754
19636779
104702374
110822131
63405274
144714240
12819194
50915623
360208
8728746
106045879
154204529
39744472
148897476
33172607
16278558
54997405
59164236
112390384
12282316
68943133
99483497
91864154
133165545
141737135
75666578
6041537
71667906
52219576
14149797
65304297
126465435
24553511
29822535
59112219
76044621
139019903
8463115
45048842
83997155
150502782
2168730
38886137
19564132
26903585
59209890
59077115
153239272
73880526
24206035
69868023
67004381
86361777
150338614
49857280
152124802
23998646
103215212
110627639
126609016
118456342
90314412
78226495
87532241
104043292
36435830
129278703
19207800
62508815
146370917
40442364
153310794
70247586
60452430
88864575
82235845
51055749
83471700
10964690
94368749
77439429
76601346
321526
6596098
103421002
96527868
95318471
113793870
140088765
152808198
96770608
32105043
152787154
118913657
10207195
102575211
27709041
54584858
129425574
39736236
103118470
115070105
43383618
100213980
71638403
21311583
47279009
135187222
145744861
102929196
90928308
42854001
79438717
159875215
154538
12235463
67445006
16540425
100851124
115866588
14630373
89683909
55654732
114739906
64323078
134299629
94173875
90659243
76789589
67760077
111127042
73569692
33280448
74059910
35711188
72313307
105600339
49932838
7407765
114974633
83347677
35797518
131850656
159899493
6089725
2999095
127851171
104072678
138674352
43089603
81949014
133809592
71385627
129749675
110084361
23518410
144420345
54833129
3318925
14913963
71721466
30423070
13580779
142008804
54992494
41105636
61656623
26069688
8517001
111857782
8878766
130788140
141581503
3509253
158883117
39222456
18363598
1049561
85339455
26497072
156961168
23276663
89420203
120216349
18068828
37848934
54732422
45263265
28440854
155819570
35070698
145635471
3802393
109701439
144463426
155056487
93799612
159182552
155277971
965998
115959631
154551561
65494873
100820444
49809127
87320016
13214344
101113485
118056258
145858206
17676290
78413063
35007986
28690967
110408252
51473127
115408671
134872232
48373083
150692400
122005642
4748645
49634441
121374137
53258703
134908900
41600785
15150798
13107674
143454365
41518501
137064188
69982173
141078154
118419866
106212464
27668655
159622531
151195633
104345176
5615386
70748431
119055617
69223754
44008721
159727211
97152303
136958431
126680245
126003414
133703024
18388387
96592808
58844935
104736669
135563919
109917472
90009007
120365999
19076994
69623
84204043
87163812
8976727
140339889
35281590
58715600
64440856
48481693
110154453
40205723
68689915
119525739
143920576
53252887
18664075
42406114
60902531
72558755
150800771
141662412
29206410
21974229
58822260
139687077
24004213
67590323
91795478
82534743
31921657
12502478
32153997
51244007
126777758
131627608
108484285
20293679
2439861
109209339
60505374
136824774
55402644
147887506
4435926
25346760
69534709
98167723
23120710
80501123
122824561
57786432
48973684
103667635
19551491
140106234
69347550
156612731
43525276
75961790
60601916
17425840
149345851
43379336
77467806
102785486
95309093
142858436
23334400
141892581
125092423
50525941
118881727
128557344
102482643
158776361
2871089
39634019
108998459
2929592
63422813
133328368
147710879
31765795
156315946
62779830
127024352
119005846
80125225
140215320
8424622
130575903
16968166
74312314
152939979
147000007
61881390
39977631
158753933
120313863
123697475
115717604
89536808
64177174
41340657
2488537
45300064
75228630
126796491
32107682
119490522
18093646
109079644
152312823
58975498
14789413
156149374
5553074
129756654
58312463
63786979
79152357
14112032
95137810
128279702
38143474
155628253
91523088
97389798
98229251
101241727
111519203
88063791
78725699
70979067
99776417
23051401
81486873
153547704
118009694
118781730
7714012
41883120
46152837
105106185
82420300
153324770
21700309
21883422
95090029
143497366
74891304
125095566
133532088
116526146
38262955
40146115
142563904
86854517
142896401
49758389
7445154
144390102
32745303
8511415
69570915
53941847
69158507
12055475
83243868
56305166
44954658
27559412
82622664
68191473
144610723
137863319
66834881
92459121
49432525
53883813
8221721
11142245
154518294
106359023
93122122
112179692
155459690
40862561
28399835
69007157
10201169
135306013
9540501
140217234
139207498
76712452
4333533
46728778
3267621
80717663
93049974
38106969
119902061
32519855
12664463
29554406
119014645
143468516
155749238
17840626
120192791
22401789
130768555
33811021
39481613
100268536
9645548
58068763
29274038
47816272
96144240
6672574
86225458
109975463
85185585
133375573
83387091
147169299
108945972
29909806
57184210
48023185
121844547
85097431
46692434
107543604
16246638
63357727
17529212
84868567
32581437
59956886
83334505
56751557
139228103
81223805
105238559
145387763
84493302
111449091
103553786
10230483
126461148
47018041
114209994
53599391
73580586
83221230
114074786
123705502
1819003
64430337
113122853
64282659
90077283
128117512
145744227
58990415
148243417
62582289
98954199
48612230
74630104
15885016
14799665
106379753
104061799
104721480
82684784
11397617
13695176
128934772
97618800
93004098
154513873
75521846
73737386
34751948
150146207
102676165
16159463
139796360
63054885
154822949
117530886
116370033
104291544
7693085
22334424
51304730
71750082
48510097
99195431
70809403
72435471
79897971
69212504
42868478
125723722
76648307
148811246
121401952
111769591
122561167
7787303
123578612
145287697
22304031
46842748
119279775
18268690
112882078
75605509
39458934
126092911
61081682
135102019
30193889
43464569
103519645
71799689
137008465
155728144
39196843
152998737
13488547
156448440
80336381
112508747
118257588
69462174
84377450
27003072
7720454
89748382
156075274
90980618
118549645
33410001
134245165
43703774
144023326
74176545
142279391
143003249
104019993
35312228
67652725
114393582
54323415
2650887
23493572
40180347
68536196
104324821
70249039
105874877
45186833
59270779
154513561
142175742
149300705
112732563
6166900
119613590
73297757
20919220
85430102
34808234
78662182
29534650
78585428
62635200
124522286
69633890
125904442
148359713
7752046
118653022
29411826
71314192
69425737
127285467
92246859
153073018
25135686
11731414
126821169
59193293
17637502
46573022
159508737
93507918
128379339
90761513
157623573
125641737
150479382
14278731
67169942
85072264
138285953
139552523
62414066
9424842
60447849
2601876
51928474
78809357
114557483
43235268
17814049
69676796
85078652
64877751
73510064
139331746
62354091
154861704
156662085
58687886
70971953
25094407
11280
2747324
6912679
60241048
84367816
117812558
67887535
1462
88105076
155115694
68410915
36055864
84569861
17383551
35651718
99226183
56581217
110832494
90733161
98745390
151325229
24410898
32870971
38226787
151418405
75851689
102533919
34560489
127894006
60807827
62110365
35758607
10857582
15194972
49867857
73676427
54160640
117323448
10993375
67246353
72993294
53690969
82257566
4777699
63784252
133288996
106548426
62438033
103742791
114688781
5722056
132130558
11431860
108274169
119159798
24543350
149858364
35807525
121063621
147264543
67405686
105549675
63603252
29834113
105141810
119978225
3702620
151692998
70645828
137311205
114392719
143630718
55754890
12724265
69001376
159355961
55850253
104053110
119585100
109287539
69153253
63492810
67177216
55112133
68992319
142455179
68091434
118247382
119547041
147678022
36458545
151706999
102497956
122528487
74995244
6045934
130750006
8409489
146614260
115115970
80112241
96727011
81807878
110577822
87081821
105053401
105126858
76540089
46083668
63321574
22286622
116237814
114546084
3174146
74590148
126400447
26152311
95650539
88499729
70955930
75544381
17306198
43441946
12086125
64969540
128710973
108154830
3494910
135531081
117250771
105418426
153270946
79838851
56481449
121938581
137432154
26530917
86669186
87510420
137376960
127568066
83595293
45840699
129407895
20066001
51624991
1383012
33392984
3827983
112723220
119046522
16331122
95126114
97033917
154783416
68849761
140859855
77544587
141186100
158260129
47970798
5217965
29932813
53775790
109921316
24091576
127030281
99250280
43717310
130040370
59608970
131420233
101877123
153699769
131535117
141469478
141620375
154039086
139343626
68682872
150375010
136748843
120097231
9379387
52734421
65596501
138408774
133993135
19586427
82087630
1464899
142177315
153761360
143234580
36338402
124801735
61217620
91768701
45396962
144008166
140447057
104838905
28129273
48306813
518877
51460116
30787936
80125813
140381126
133343572
64475867
9923529
126676503
126331271
11062420
154700242
99924963
147641969
36622224
38521436
7927886
17361732
86265131
81068369
94046223
114641849
13496225
51566665
142030095
103241139
57759212
55298463
114292322
36454820
128755788
44709015
95224913
123798875
47358107
51427392
84591640
756016
74620467
141770727
45132284
77059025
57558584
147961967
56611025
93141437
78528902
46661005
100739281
33500919
44701713
101590729
50045602
3938660
71990491
108748949
73392866
126086135
20941411
88919522
99242205
135830167
11945466
112717370
101457437
59565554
26091240
85868573
85767759
119733571
5768888
83339653
152995280
127767855
34714424
76068904
82712236
101946032
140203468
138783601
72151689
14908193
107893944
62627774
121363701
88936717
13890084
50771759
13985332
134897178
99595766
127868346
90164842
135429012
66496304
149656914
157614469
46598
123980524
136913212
67670339
41711753
31306061
28604486
51217003
148801225
137671576
26186563
132907707
9239734
7154830
96866268
101529559
57687992
16607552
97047482
94759058
115361555
91440552
137327557
77530720
145355934
133063125
69889123
114767146
69278722
89048283
29436051
73260115
26445276
118517613
25980689
154500125
134285222
128603520
29099639
21732555
97367393
96320888
97289474
71509636
100274344
78758624
3797150
129736567
60167727
40073854
130665104
70446360
79496099
82868089
45823127
34991479
48877687
133591058
146883046
1530054
108313474
9713519
127508318
100235190
938889
3822131
24135182
20005621
71974590
88284294
89983194
76242645
71373228
106929185
32680257
18959404
74643110
31386770
11133134
12160145
47513752
26737547
37426653
29027942
81702213
51681975
100443114
37248615
137691416
50483260
9440055
89531182
96329534
19981618
49639187
88714702
40653073
21672210
152592480
40855032
52640830
108812282
39749832
153345520
17742424
49360807
150479899
3365602
88460843
152095579
133478456
98875358
44449156
28424136
42506669
45482276
141096860
34314238
105837691
145596968
159740271
77376343
136190022
51936638
74500818
127748138
29935045
56392192
73369362
108230375
81978026
88014525
86180813
74152064
93434061
14082367
34982280
79461602
97682499
144349369
107532824
56233992
28307858
82697716
155091869
70335670
125711417
159119497
16464821
149697582
110239891
121998331
46707421
134792343
32510243
53082869
135679001
23296534
54586504
92609193
147799766
21783062
119377671
124869099
93032962
141999818
123262330
5563024
99236269
64996254
123625982
83775093
37937462
72079728
32944299
68915022
149792400
101972090
80157640
135527401
90424053
63269965
75951896
74401625
114133881
82215138
159782453
87536614
34819137
127827862
116813169
107794782
137536060
119230472
46362322
77274319
46742190
126318525
98748429
52263558
19407917
115064017
138086854
27454290
123096027
102846532
159513967
100684244
25030907
148385695
6521367
22918078
24213147
140687452
148831480
158725933
139075948
85965175
24091200
25537332
70326071
148233901
16874650
150077527
48112978
75225726
17739938
21315497
131711944
79032529
12124504
37425648
83088385
127522293
64776907
92779802
87239001
22996389
96869542
36306819
73393128
159379814
68879939
46898439
152600253
66283601
18475470
124289289
89024971
120710498
51284696
142781206
150646399
14695567
95919026
157818441
33557751
81454208
110819483
140934738
22879100
82993440
151282180
83767512
42928540
42171562
39464895
90406313
62613610
82251268
26718788
26178436
138306593
110594732
871695
87394686
51236128
1571109
92021028
125885567
42992609
134789040
2722900
35624715
73342800
56422544
3172895
33069233
11378493
78200584
127398910
24387455
949629
154371833
58299058
956817
79806747
151066649
106871772
101533397
48834018
97042120
20933666
143197018
109082057
99582203
83439130
85892792
137457000
43080353
147552275
630093
28374426
63055604
91264629
28564474
88365821
108813366
114550016
38150027
106760102
158382276
119373967
13193857
16631730
124856145
120787450
105068753
130229305
26805895
38718988
109049407
11692444
24084431
115253518
124796267
44600295
54216230
122506271
60742136
158695200
112486953
101359101
130991650
159367943
53136184
44220756
28332506
47180402
108908145
121715752
10092687
90649337
61254029
25266371
2297318
140874822
120759511
31489667
49507172
37721486
4082604
3482603
71368570
54129266
109452142
30874847
101337091
46296871
128593369
30817800
122712376
49107451
39203212
106551052
34623989
66435053
29711272
25594308
24782859
76576399
57971823
59925344
159907121
53511496
126410277
126681006
141294295
30229050
95924886
145566423
55619936
8254830
27687651
123765023
66069220
79054503
64636413
95431967
110919573
23132676
140074732
10704663
90201751
16106026
129012580
153976869
117748137
154185419
72589307
149950799
64278032
68685934
84492980
44314144
159495235
30564000
159351823
8591335
49218597
65776065
77430414
37230726
97356638
125343064
145270083
144247009
134712676
53558222
56551852
19874395
142295602
153360732
51274877
37943059
29422047
41666354
105599118
88294593
57808563
62079567
93129278
127372106
102668425
39551488
104961753
137528779
141067464
28664519
157168429
139964598
81656690
90929060
128555700
143489777
141394959
90163500
136735337
109767650
57776771
3095410
117672579
103342669
125684497
9478503
120973074
90636249
87804414
69298796
49217876
133783504
21069673
150209612
123569796
133385642
75814218
80352731
84544987
159710597
52813772
81092047
66031215
151802988
116807364
99463082
127105659
126844816
141517314
143222601
51883097
55480143
965549
42654726
82846967
39135910
112767730
136386072
16214252
18125523
17108969
122548819
64526132
104694038
108645466
91141378
51690640
90962403
67885010
44950640
56622901
109960407
68328411
110601801
45543989
133305030
149946050
40649111
58915717
2940361
146202247
12172047
143140177
29646933
56751061
91785938
108529757
94039823
145625789
111834746
158333042
110898049
4193275
19813331
36183200
114668892
155199403
133516708
28343272
30213749
144228283
7528974
47575886
38287571
60596281
137268763
53400655
46789256
156862701
71511424
133522681
115497827
122848585
82020431
86348281
130335692
43613921
82974410
72764350
27829161
122565670
66208057
96714076
2659692
136433549
145150971
43676253
133502191
72590868
85809207
59921686
155966280
82898321
55855429
111689292
16945656
77256048
57533254
65398786
156032994
19969114
42807830
78478519
100714768
109230947
141587843
38688500
73846564
104832703
48636956
106221713
1332371
23267596
21462134
159820760
105460512
2317164
99468188
84395930
145520877
155920343
126455345
107761423
103943251
110837040
93180805
46123254
102902970
96323716
151652551
68015764
90311576
89825116
55147578
87751150
38822233
3584307
128240946
90376856
40660735
57353703
29611949
45077071
10264574
34466325
113105423
148575287
50407994
150049242
52928066
159785574
155071586
141599137
79410966
124915
560396
115820612
22537560
80433300
66386266
59980768
141687371
53217639
21603255
54222059
67134878
132730157
153031482
101338458
150092083
87422070
86989512
108930838
50397283
10004861
6844794
35406449
16536489
79222603
143288325
6904639
70977911
128004974
124869941
83809817
116063860
114377155
93453840
122080362
103564783
112603342
129625690
96740558
114698304
55103713
148134771
123758754
141973361
40424416
87774621
29151294
133573576
135821830
70764644
111874987
31395869
141435759
152895719
155347732
29569055
76229519
101282386
56279854
52205855
48859003
98345550
59242110
2064079
33799072
82811374
120469266
63905381
20768559
34803907
113383725
96524842
158528815
30084827
76142574
104900379
37074431
118666515
101770719
103624089
116959687
77163202
139318985
51327482
90819604
61290959
21419014
58765422
159998040
155078712
20362158
74830382
119416620
139905677
51356668
23707178
39428737
82591465
152318572
146344909
55833058
54582920
105163210
145578293
32355080
44457666
32636884
119170958
120608436
108657821
46716441
111328952
98119020
115533275
19615729
96005099
109851904
60298163
87418824
113030669
48410435
108090207
8044586
113796737
71629790
60959543
10826145
137787922
19061682
131872830
95303400
59219921
11405285
5402204
155770123
145460037
25722918
153336844
15167611
100614714
119479030
90495479
75734480
77232784
75038111
103401229
96657465
51623765
89826215
123192578
119647051
119576581
105849893
110416369
159942789
35096311
116221577
28238317
51996868
110785674
47126017
73190996
15453325
151374982
32035274
81501469
128502180
87842674
134814299
26300297
156754154
89085548
65512187
96239850
52591734
44735378
69046376
71903517
32225905
124773970
20043355
62262862
24134683
72826277
131549721
80830994
84008938
34984488
123411919
51005511
36579852
123430618
158785652
155388460
124680071
142743658
61356289
33048987
5456718
119123275
92482126
128748814
141516625
156290398
16873931
91902528
123418133
10379084
34169388
80608474
89189283
55912837
84454464
136098895
112175674
32421122
19224039
9545150
98804170
46373937
115754384
94675423
52436456
84182106
82925315
69424921
99365449
53798931
29441411
142894755
43117040
78233931
153385315
134535087
106921616
153922066
32062030
24892486
98228740
146455979
107657484
75081578
4329073
119254828
80139454
38821364
92397069
108923810
58654573
81152120
137996763
122155426
145973979
453895
30813317
154272192
119032833
126709373
29240472
141211858
63830274
47421466
85094770
5227394
39933736
74124331
127693347
130135384
120946030
16538073
82649790
126681167
83626371
107128965
128036674
22481677
85893919
145051872
82169761
62626770
127517293
128554157
1623138
14239877
88920829
144494017
55034041
98691707
10142232
54200224
158307104
151710952
157394132
65426757
18121261
141701768
141296415
49560472
73441840
66192148
11837926
67332811
113090119
1577264
134837533
94103820
118520008
88213366
55824306
58725653
132244654
59787503
821575
118195405
92673130
34755113
5156891
129053540
28667972
121423076
53011845
53499506
29894994
36162308
61651052
44673199
65820980
19848319
151794030
130395926
14453814
11066880
144852322
158133335
17722326
130931582
47877050
92754311
1606267
136099840
2545098
14716123
113462493
56919058
14289650
19230086
18463508
103465922
73246897
95357964
42539806
63893131
12434548
146017217
56356689
124964470
31484648
84465887
21991022
91591147
145989346
15843769
23262324
52720807
138652973
80867561
115554662
59338259
136985606
85222363
77776712
29406629
113393430
57513182
22504484
4499132
98627216
37454332
16957378
151875191
142513380
131581038
81924543
10104325
144342210
70869912
127633178
105704563
92741508
11734911
56831572
22247837
127597137
131012759
28075564
118097901
64544970
18231324
124857403
105244908
79787454
108824033
113993491
66926213
144507576
52073140
120315704
4383899
115958537
142536550
126793050
110277297
145672843
154276640
104086975
83435554
106311579
351974
6149103
79909303
141394056
104812354
80103838
116833952
66479267
64506032
47627140
7244849
12815064
50788454
72875643
58763401
56054494
122434357
139830964
108503066
131875735
116770945
149460768
67040659
53214834
134813411
13479331
110306969
87769073
102234591
48216821
121253388
45275949
24456144
119924311
39481805
62094670
84123712
151854455
14806238
3605428
74190687
135551910
128045838
138460352
22174056
136955810
58422220
56533052
55701049
72413009
9072116
33783642
85936203
37524967
55224117
125867372
94972978
104244404
140159264
150862223
9212322
104358309
66295708
36898486
50978980
8107968
93299575
103096499
70474283
93629544
6754344
40153425
70236391
145767792
71420464
87670208
107331696
14798236
119627844
95760935
155958209
113756968
37157243
115179720
48789682
97841831
89422785
118006678
150589868
20966971
29338379
23638219
135592868
55092912
3010779
64575091
116509448
80699846
53949126
60410508
74761924
80035387
29967718
101722640
36550876
150211745
82873078
69994807
145934805
54815922
154891111
43994137
131641663
148516430
136157214
8779414
131125709
3880209
56640080
2837675
132683505
90248290
127974148
115188568
70938691
108225287
79679822
88986969
62827424
50066597
147918104
121185398
103569036
57683908
60253359
78636244
61707680
121240260
149269943
75638247
154003565
83844611
14158523
93855607
143903980
124648352
51122337
108816077
21682373
98775965
96310716
61807594
40669092
57721797
2030314
92666020
93704413
62025019
6694093
122961338
144501402
155214200
147190574
45651374
48920864
94915108
137483384
23733119
63544063
62312480
102959710
136894840
22317658
153449136
127380454
155909224
61590977
25063622
121535079
134256313
84255606
33183293
54194669
1529490
27805143
127061683
123219920
28644383
102420091
97257379
121862005
146132435
27228210
30954324
75354111
98547346
67689772
35024943
73169278
48384015
23443486
146156249
130837778
131682499
95054797
110326853
99550389
104539132
137604137
131461959
17520359
93605031
39026641
150700811
100185015
110475053
28699755
153773852
56297649
13892920
47813011
106197487
134208759
75129879
51766382
16883696
132928704
35676611
133370609
4792503
81132135
52533589
71892132
47419671
156816741
100794719
41392489
103018282
128563204
93118642
50245895
18617441
51899187
24333075
82258312
112724997
61963746
45108198
45431733
4902789
153296193
37782202
75471660
50420161
2104271
128542794
101308115
59989005
87461923
33423781
103008488
50853721
72594386
157473224
112556852
104729908
150678535
39001647
77692385
144998744
79178882
56189643
114042313
99421277
140162748
64626348
128666091
84619298
142596080
25077115
6974057
90801314
95619459
36109703
112054944
144363118
87778058
55693620
159524329
110732387
88352107
38552264
143533331
134576242
27720510
158080884
37153014
158654892
42889854
131661862
123754221
77496405
74515865
80193817
59067338
48059968
22271221
21223638
51615874
470893
6487892
38668566
123004212
6513197
62561208
75560849
46204748
129024300
13515547
52216999
50660591
115403489
32197450
135934481
16376015
143806163
37250016
96399891
142080937
108628187
101261439
103726323
885169
70197568
90850172
76428896
23644690
115687862
31908071
65695533
40132759
101519486
65519232
12605889
68513147
155728035
48756428
53279990
109589443
145168564
53559390
57658564
57257602
16480620
74751514
135116962
126504730
50704645
64403988
20725355
123712012
152386147
81282228
127979878
78184110
18561153
132281452
137202383
91066760
129435896
118588114
63043324
33416686
99779007
24515749
115944404
83302333
126910464
126132604
52094883
54690972
87795404
152724562
73112487
59585726
68840931
112711523
113978722
46477923
83935459
61189075
63031743
152836512
45914117
8624564
142086411
102999912
39494425
53802406
109171688
49893830
29763118
90014359
90771286
80590449
91366499
127256645
40147931
134219959
158937953
65519802
149144209
77784938
115227714
45079954
103176405
41329190
24916583
76724960
55117830
117554609
36572668
41186160
82191267
61387508
77486510
79675701
66355833
32957942
93279332
118645222
92789052
147818178
24509992
111816435
7550197
49669372
146338609
126935280
41070504
36981373
36583886
53808315
108504437
119345867
10371687
47936772
87079591
15263171
74628506
65847268
104582535
126682399
35591275
64264017
103312238
137670282
92736362
140528122
155851214
142049438
19358195
84548818
134093613
2243845
15907248
36400810
81696508
112539113
59858278
148420009
25263832
144093666
3716054
77117177
138529422
29285419
115605582
40469648
54386477
158227049
72299451
69728093
11151813
121748856
976842
153012909
91092856
45612811
127559744
14940197
35182219
112959342
23469861
92766259
154094661
87185089
145432669
105961897
74118271
102528711
116681807
129565473
28795128
32718560
116184532
3153383
75390749
55350109
83446260
103410510
145754731
60827687
67318746
21735472
48165754
57485022
137943104
9274230
127162731
142411204
33839432
32196609
53793045
49770590
54989265
26587979
129188661
5321487
104380861
55285713
71863506
69374724
84786111
139369751
141707664
137471881
75439556
1543177
56933819
78970772
18877303
88072859
155323640
141920681
136554465
129766924
115636964
140074326
46617697
157930607
91693786
2900034
146068123
25690921
53437413
93003419
40624130
54251171
145753061
156257728
5031182
159502031
81984693
5716611
56899574
93294473
6276430
123872428
31974086
121062799
67763656
120818626
9919599
118198937
113420040
92098146
112845093
79913892
144415312
143181283
34881864
104977911
35252671
141325226
54786019
133201433
25668824
63409109
57843045
61645985
101303901
32536625
138864869
122616409
115455813
15236677
121073437
157720493
96799001
148103562
4461294
13186588
72253111
101032935
30211203
51972968
71521124
106406466
68608070
59221871
91180904
134390687
92233254
16705608
102522236
32649973
53353595
15728345
51213273
135006622
2702925
131857234
126244149
34631563
36041091
81918051
36267021
22045429
86232749
26367526
13534470
109734131
150048484
67747556
57185461
124361958
112659220
146410670
117394436
65904538
15664496
48550104
158118680
52384313
116088559
91747345
150743698
171952
55417109
116930391
106186730
106942579
100734641
87227875
150017790
133355122
65182279
236380
7611102
152453855
104339111
54793953
88308057
89293397
60632608
34542982
23344393
141037254
34103392
136526084
130019136
45459959
105259497
76987529
12785447
60325518
99577894
77343492
149005910
134319128
13877217
127321956
70866219
136657787
52557050
97814152
5938015
118953177
64370908
145058461
126118499
25094853
143210268
85601224
41868296
57670692
41625175
28547778
107808294
3886722
20028941
14742900
110821664
69926160
5804871
19741069
146017719
111921992
19458905
107532707
88297543
79591354
148938661
122796205
103620191
126790251
124722817
103039069
82237935
83611887
13712211
157797298
20039231
48529966
33992995
22082375
41826578
45697021
65760045
11012089
138916800
101268225
60366785
47144901
21231822
46225999
54707647
19161194
95596203
87657316
73113750
26772962
6671552
93929254
55065615
85688819
132994852
140154831
86240656
83803908
38455522
17602606
92334613
117154301
64103882
137925208
152185348
45468842
37392639
1211772
136672062
103425482
22193248
18601107
30664261
386481
7839336
84547704
145616037
139152450
21369058
148924049
44938358
81499667
113825424
128894447
110315300
142560075
29746793
146279919
141410849
20297042
9521749
15358837
156625280
77603440
16686637
97045828
127901421
105361534
60948319
98725178
72925699
77104490
94865648
153350857
32897278
73503950
49440371
108106032
87324390
4727665
69554211
95888286
157924166
148023731
39977834
71290884
134263832
80499485
137136975
86412699
87753906
51737638
40533563
144093909
104004899
21813827
108361071
119417312
137812654
115323152
155869238
152961214
78424309
40855717
11740121
30998610
42952217
31694667
61708802
87213869
149051135
27621250
159048944
57879263
159848824
24467626
139662160
18104710
144035130
17587156
140725743
20394277
71457153
100818205
47709459
147426557
153587005
48088760
46585083
136729762
98258939
28957128
107102722
69795689
139840349
143921902
105594369
142941260
75360859
158551034
122355156
15344992
128359438
102259264
136556642
85194699
123373298
13078415
13298509
25909548
152291032
33178771
36591096
159905454
92136447
18192279
2660225
41503877
142964518
71461729
109322050
153051460
91763033
150802177
39116676
139184240
107067273
99202076
31211615
77886127
8923928
77422822
127301415
4124066
155476783
86286609
121421389
128263224
151301857
144261634
159181083
2503033
137683350
3794735
69312460
158689078
75468283
31541117
101158305
73191032
29632665
65948457
89643331
151566651
157418358
115021163
22159978
29354887
96218885
14672945
91400967
123665779
4749601
152068296
62762604
54218215
11318989
112404619
145198391
116784472
39944981
158191607
153286707
34429541
82305557
159873650
150408701
97430066
121068831
143160446
16131631
95924668
111285253
113406975
86212855
41539297
59595079
15923684
157237213
154857830
73061131
135015413
34210030
741343
28366316
49624541
66054865
91553794
65566621
84107027
54896948
70249128
158861339
62673176
138176857
92606226
157935916
26707603
97629704
37716204
118841086
147428632
26693049
62511365
116634546
33607188
54564680
65463752
125874026
98057819
143297448
135140327
117495135
35876228
34546806
89608724
106563298
125941076
96780970
7335328
9933536
64370561
84439571
130951146
70540641
83949995
19582028
27454651
65138882
127925583
73724557
21027911
94551380
122535584
21528533
16150879
159580904
18119134
108055283
8482998
17821548
119826849
120571584
88249520
29338031
116782559
14109910
4427867
20354081
127934629
34846869
98017697
20624049
27252583
89359238
61866188
26079767
108813353
3066184
53579834
146015826
144521596
73476825
111597867
125267007
155887861
37081256
110956814
43996004
36180768
55794988
159193467
16490267
130561496
42757937
67397734
138904261
105423569
133380429
123634412
64595017
80784766
74033524
55316789
85503289
156173681
8904590
83115223
20221300
48782598
74522424
52537797
12945785
46893825
147455181
97072461
8317390
66702666
141463904
82206665
113202321
139079234
32960474
130279761
79386400
53980441
144228765
99720705
148090671
22340952
122046082
155806748
64287657
122113734
66488407
104276056
50803115
50728719
88424876
9944299
112848872
111045119
72339341
147625902
78791347
154451474
104762979
27120530
154522566
46177718
18550760
64079505
149414377
11631528
126533077
5645988
104514828
55718665
159654856
128339110
42834294
134621713
64510840
139915187
119309907
71903334
135418497
96061239
133619582
147059836
38007213
5902552
27918081
83562912
51877333
91135886
5455844
87730727
70264139
84038686
48638759
112000229
85743854
141723231
130843668
128374699
144488468
97748600
157406130
425009
10576451
2790553
128777170
4041148
68260342
41811895
156769148
146186290
79341076
17707872
103902052
100780866
9452629
60546565
136605567
46972699
122598232
694930
79219329
39210966
64587447
37266653
8298292
63696174
54424283
46500808
43471608
115957753
29308152
88576824
46893401
76274092
21831645
81015890
76793604
4137097
151373487
3318959
90089145
122907504
25393370
153473154
56305864
18022766
144613350
131778141
105292039
43651710
16256103
100939014
159169196
70775822
158483020
78519974
114212618
78141318
149315078
107322943
45118955
77147033
120897290
20944830
7291397
80450354
97889342
2419565
90400061
145940696
25330137
108695988
42224104
83714567
54033281
125253104
145878355
97310777
75267082
83480002
46610499
63888992
26171473
62604216
60510066
119752698
78140524
63039766
117471867
142502978
25145582
80398046
148117769
152791665
49646917
54099611
122347979
36779006
143254068
122266262
43382572
8744020
129703502
83204544
128293038
46178605
135825300
68286947
154002332
158057692
152652266
107771823
110632620
103648947
10742335
77275860
6138034
32381558
16842683
67328422
57682038
112514891
114200711
78586961
87992741
85786969
73655134
79996831
81911879
155742650
104627042
70453848
139319493
110825171
146814399
31040290
93102519
119052859
19993
149874668
159630578
35488462
79393174
94726206
23982236
145244555
14066198
146931730
71667990
149180502
43346159
123411567
108187555
58764445
37643889
32244594
85676276
76671088
100110501
119497286
49002003
69832522
122790242
100298177
158783477
8591651
21314944
115356740
12758232
14035959
154954275
3607533
105454989
12337681
113662620
60374656
112130808
42153245
97847565
39070968
6037450
150389938
3973875
41524611
92649985
131762845
22705511
72257482
62435885
71904876
146911944
99009041
83032714
134456228
67722680
121495286
43383269
21079106
142414056
29588849
148117821
152590177
22710576
76622624
67141752
55441618
80725707
138084557
117437427
61043831
155148433
69862100
90692333
68965580
106414593
41480319
47293026
61293941
31719893
153314834
152210605
21397756
81501207
103848373
150450170
135814065
44126002
74373961
146641474
100668053
147687167
14974358
89088642
96363853
94754072
69202643
140741609
148154544
75722306
14274377
39030194
75802238
87257553
69868420
136320022
94320583
90838382
75179726
105581324
26603073
120958196
68075053
157693053
70403713
36589736
149672989
75661633
130096407
66632877
102355527
109299793
55500031
112523884
140969474
8607448
85640307
138977836
69870461
73263948
127119407
11534717
80629632
88326974
147327264
18384039
46207459
115446475
123408812
51814419
35476446
2482941
83508625
46642678
140866287
30629616
2199631
33210091
111252746
130553396
141386852
63385077
148451771
147827504
43553765
96518731
129116549
23703693
51838142
120870130
104568607
158006808
85695762
1857018
38555235
20045367
132163651
133722675
11572098
154277932
141990750
33575396
134593587
159569309
112652810
39156647
127381427
30864351
55266987
22955392
90714900
87032488
61904236
14642371
24682161
48109922
141019741
51803832
88780305
88992377
154247807
74750380
22265518
64542664
135319829
5572156
27159529
37386980
105841887
79044216
95777575
62485870
135713754
33652664
82198403
78388492
24540777
38199487
47434898
132738870
145465
109985179
130604003
126955437
24374555
140381910
103109786
13265940
109477523
13232085
37082421
142690631
31680852
17770296
19297337
134814295
109283373
133122332
9682568
115847740
50400149
117555888
49590293
37179202
21795945
141281725
100411858
135182929
38352934
86663961
92906353
17198627
87814888
43351001
64946271
64007856
122525452
60705101
12941785
52678246
14169127
117277133
14053294
61649650
33867121
123546150
45465165
88583142
66601472
100373120
129319385
66355087
55383835
54116069
93464508
804747
140624528
159392105
60644993
65809962
72123539
103393726
64303892
95586421
43732223
46464088
128720984
140567159
78814585
117543056
14395758
69481231
147547806
65291372
112627641
68565711
25555018
106759317
138368021
123673764
94477047
2445607
144739515
39295508
121245197
121545508
116633146
48720728
77684183
152666056
136497521
42094905
16132479
29638066
110237091
60860830
6937278
7387110
80037664
59077351
80213929
137611477
79195252
13328321
25239869
97468413
5002398
151951180
74404910
110653569
73482223
117964020
156000918
15640241
40547979
73136698
85078608
90482124
78147792
38608171
92548044
140544592
69387550
107408388
212389
23475376
61791978
16871688
81421354
2160419
138837741
146851424
10026944
63351529
108961407
4539377
40809025
126404992
2680337
41772428
76838069
8072409
41159332
119081443
42677923
27826824
37885904
38628052
156685331
3724621
137158425
116260399
109333923
142617230
20106883
7118477
80184034
141324683
54935459
4900729
65800413
15160839
147131537
116792252
26777408
87539395
28129492
93764499
85050247
88925766
8125256
47586555
142940481
139895769
61999093
76842265
84981842
66622789
68020872
95250330
20330999
124971603
148748453
63789331
149451294
100182221
57460690
75921050
23071091
114769542
111033128
75828512
107126380
30500259
46437096
158350855
44856927
2045777
25703309
158272494
54868362
123404899
128123415
71767242
144538423
120683419
10389993
42685175
117217830
56607980
105804381
133789902
129357165
22140747
112059752
62820242
89297091
155803206
7779570
128915790
101815734
15528645
118950265
130869291
80647591
65914218
3445843
12323782
77216762
95793615
140184617
131354013
42866693
48759288
4796574
121244506
49361
31925620
27356574
126659294
86792790
38886620
7302290
4467063
33560833
156797073
374570
12992466
137462083
24166426
5829483
100417608
144276752
157523554
11056094
109589287
98124548
57347540
70036888
147599815
132780975
149795045
89887588
28087139
120928128
51321600
141259154
65323572
52974055
94298195
464355
27886223
65080691
46122765
7037221
139590590
58066340
130366962
79210082
19711028
140920418
88824708
59344789
77095399
115889978
6677844
94233764
26799865
10970681
143013942
19686051
109819519
49313418
87618634
127527826
140896750
98526501
84364526
73902754
93972398
75778427
74801479
52823106
68991981
76877283
106644419
137226551
28544310
44841028
129234059
57210869
78215907
94566688
69266332
132124506
11670108
72521979
110585931
18046543
12258525
15669879
116117806
110573789
121886267
114350848
27807940
37747475
76161659
56842737
74338458
76503263
10261069
53188870
130044768
18686616
149713787
12469781
44365418
52817476
140669686
45547678
137627782
154195841
107838844
97216744
40212105
108891894
145344148
83648737
43018753
49712452
85820037
72088815
138360775
90312747
3758000
25480479
35382146
138850678
51011423
35654234
98509837
27138491
79753838
41420810
34106944
96445369
158075442
118214839
35598662
150410006
21206926
120984267
84120514
153950560
56551357
89716429
109547869
94356918
148337797
1704979
14064635
16709996
66824102
23543781
88544074
142031019
151970311
94544769
150393094
94586426
102605879
7884510
56326903
14664518
10318223
130842877
28752028
95045702
5685478
30889021
91767572
149575803
84558049
144125390
142727491
12305441
133192528
134611230
34687013
125365533
45939035
136257387
79302860
104868038
87400775
86906084
27661671
29182001
149398883
33529428
102717062
65916447
5295268
74441676
99545907
52949680
109978117
115783713
114907460
134742924
66489441
82449799
93384916
19584300
78809883
54962403
105587172
53090398
100520674
59021169
76626161
28352872
59788868
53995036
97454376
158979838
127953141
93975912
82514215
159705823
5332171
121434056
38913256
48201822
16762529
48799007
136946655
106859493
2325509
57412021
117584725
74219401
149303573
125611030
65018360
34603595
138876599
155210908
42543293
29496492
134400267
45341355
64186430
131771838
1567424
114476996
110706433
69719370
125804320
99363645
82838273
151204747
36705552
9217836
95112894
4837632
26418104
159717128
145025623
146540791
5723144
88115580
22130654
8606116
155548879
21402705
139658764
70411584
71206905
149474540
132134418
96324650
8237586
56436171
126940865
12535284
58031475
103909166
2306221
127746117
4267088
51070349
48157777
80075921
72753618
54784400
76327928
66854841
52760129
105932080
140491280
97846862
127257070
119968893
64095677
102393156
152347012
71289638
79137189
141895121
52673424
10088378
119371557
159866
97801134
126292042
148609012
116891505
152508521
123892886
132128505
32063672
136245777
79573038
1454836
157873326
142378316
109624059
154578958
91316548
121343204
148692249
62852480
79598204
56437314
88807780
155744990
110772852
141529572
111772899
21458584
151994625
71201565
69391458
140260453
35918564
96200215
4313586
123097881
47686083
9558316
143553461
124654718
31878676
68685686
36818472
54865800
58619404
98844253
20304052
94179244
7416724
135945563
114967895
152942079
152603058
31784005
16128280
144356035
109584196
48177860
69839151
80293537
156548699
147557932
83178261
90948938
53938289
31480368
145422293
49298740
146076424
87514715
52432877
9899632
126740894
102824240
108520675
83920314
113078759
84081441
60256672
111839238
10625686
80643820
125372470
115326843
99196147
20598443
43060750
76149854
148249983
116875875
147282699
14593337
115921476
58005975
84238130
130249669
148317056
126621082
47512150
59678421
490292
78437902
69612268
98211412
113061430
20318155
116988521
158597400
132182741
124415276
86129203
119177465
106242897
54691481
42839519
85768050
33159380
107328169
100460498
74374060
29212664
147370831
114727060
130424832
80788960
11929892
11217990
23634497
125472283
152442852
55318041
92206346
65020817
8685854
158668826
61423370
150663419
1392198
8291658
106709613
21728349
117046763
35999069
40267840
12154425
131391592
38208551
85282595
31336860
66789148
17925991
36989031
76972865
39582663
22901592
16413312
68395934
130023711
15621696
32167825
141797527
49834390
14825344
27565684
119067799
35851726
44056770
77282038
146892055
9468870
76960249
76633539
2180517
27304682
75012990
154596037
138032432
25464652
108462766
46691598
59703291
67070394
141987410
107151280
16221100
130082204
43968210
75865763
6193549
124661796
110924943
30996371
97399272
43358824
21230974
134241467
131520705
85051276
111073974
107908338
64049456
105825199
45613984
106420856
118194969
144258829
20284728
124156015
55713028
113415038
29951324
82536095
73297962
2833520
86974790
106077539
42344413
76300765
20363793
56327215
108225
119490589
90426790
113310975
81576787
57068852
85104167
100536697
25176673
136203724
79773477
83544841
145103884
158402831
84819830
80187557
134196377
56693525
39024339
19462909
110129791
72565753
71300685
15638425
127167513
28375775
17774815
38099952
50960605
58568988
63517077
113154482
59459788
36975719
140697266
137816931
41536121
92524417
133540253
129497353
107354609
128301892
111268610
136838712
45031999
55620510
32450599
87275194
40799825
25927329
45634218
91647234
48616557
96455285
103200186
126004651
76511321
6613876
53569278
35735716
38749174
18762009
119469764
40106378
90239615
34034754
8710041
107426799
107392893
113474869
132001218
67208114
127970043
117185214
66034240
127859622
96173024
64601417
132698295
82710024
93071940
157045994
141788261
77720877
56652992
4878312
99743376
83029892
41962554
116289129
4251184
113588770
41116283
116020500
8329939
26954362
74730135
51161601
146449122
48573508
97843462
88716098
78153871
83130421
15778611
77817431
16738787
60769227
117930033
95855245
57160726
128363309
120931990
92498292
125702058
148386119
125609307
104361534
142067575
159465084
96022126
130458295
9525218
8690386
114501455
144080587
142584783
83847646
15359674
121740885
144784325
77930092
4942421
149735104
80121987
113383773
6145262
23835047
26695699
149914583
144096868
16368262
107494180
7284840
134025993
145266870
45712808
13576310
158763232
133043068
21253865
132269493
129209643
111325789
69019047
49428106
101063857
9637594
13406128
37137484
75008870
62329185
26195413
7145412
25145042
2013530
63312785
60156866
69757375
136683665
29845569
48929375
94678736
29092727
152898988
148968503
71636005
94159585
54016726
125177934
17215043
1811081
130019110
78154002
149779488
43118681
102671760
105251893
157872013
84554246
41234631
136372147
12462436
98064472
59466828
36324834
132986857
12193876
56933805
54084623
64730503
82516502
83586781
150530644
30367759
72855010
17568742
12074741
88803178
106108719
42492226
144008170
27095243
107350855
112383472
145027231
143451921
40224789
139725042
150432657
36230306
2582864
58709079
119106842
45213824
133864339
157679583
17706749
151017435
66218547
134661041
96459808
72896909
126617096
152009190
53188833
11670221
75534653
29467972
12231790
66021171
126681818
139103942
109560016
7538572
150917417
8179627
45328562
93176003
118813119
50255232
59002138
120617174
136175662
17045812
92782973
42696619
122397837
137875657
132604473
20412739
151118957
143558806
152123463
68504334
38452483
81846418
55734744
6657880
150424204
66117193
81602465
117526215
98854191
154730893
103379500
130621624
135992494
157396960
6696387
111512157
159458073
102729212
130941791
127907008
59288202
96915652
135837362
10690114
24197939
50349909
154500541
141054817
94477052
19466985
106267696
95067096
83899884
14789788
75171528
143767334
117671442
103843038
61210481
9839488
130611873
24038766
21688951
86849486
35426400
131019688
106878347
144319042
136395376
141520169
125624657
108212618
130021180
60421107
71008015
71129842
31681966
14887745
2515304
13835599
93474809
59736330
24630016
1403448
9431901
140713102
42232345
105193948
41277362
54501663
23296282
141992676
11222746
158818496
60622966
113038577
71028959
145675059
25845677
33464714
149665066
97792676
108788812
79789510
44476123
5310322
87108097
147363356
140785658
28036062
5837261
124879718
102073660
70639316
82557763
109946110
145296074
7418917
107361247
37123235
43389085
93866200
155269983
76687969
29573039
19639330
113974615
70461802
20437689
75900834
158027829
127345448
89755448
153497196
91808664
59041390
137554823
134411074
98584031
107274121
213268
142054058
82907579
159117236
146805282
97847655
44150579
19137840
51474726
127082965
150514801
87460469
66276923
8817693
68908570
41964764
20968015
124021220
47946352
105374287
124847633
47197353
16149451
3188826
155145423
70784764
59270833
1951648
151276505
28947532
146646584
53250836
52126512
106414824
151442506
149644876
46464
35860959
80008165
53830610
20226298
137365772
22900610
104810807
3319872
74665189
144698595
130618526
96759323
142709532
143362525
143070258
84631419
153658373
156327654
88543026
108602388
134121838
41863077
62549890
63083305
94665240
449932
29048213
33201080
92267107
84909957
28210293
64186018
76837026
100309483
33281425
52951877
128783917
20587106
136586982
37760565
5895177
97289799
8013024
156134894
59530890
90450436
153324602
62605222
45458234
40407465
155873021
135927224
70963928
72873778
158415049
74267015
105355106
68337945
82491163
19336813
22580689
158984671
148538535
29855082
7979920
59689
131334766
131312514
11515485
98147901
158015740
113441116
76741252
127876748
147394906
56023239
72457367
96393481
119001397
127682371
152615479
142416920
41584541
107639808
50703856
3789928
102948485
150967404
115187869
154417306
107920014
18828223
126899325
71716678
79788638
156287393
86915577
118893978
58615766
129137871
30101689
55062166
81908827
64727121
154864142
149832659
134226644
20167690
153246933
54841373
87589807
41127774
104614510
13096615
52165987
25440981
53236331
103980513
60256082
72664822
69846745
126366594
71041410
53715395
57736282
82358075
97686525
18955444
58430350
42235927
79809306
7461731
78993959
90814700
73084362
133441587
8381165
50592915
76415574
127411170
62315103
123310884
16438055
68068601
23687431
58961895
91261537
145365746
104768831
61989361
114826049
4984757
67926328
70591746
897403
97361527
106201624
64183478
136167033
10337124
120791231
140390733
57948383
158118826
30826083
77442047
136477865
53618681
72684070
11769662
19539219
90848810
9908075
149985079
25125060
29385435
152174003
148410049
62285731
154602838
123749795
116553311
154131351
17608377
38624023
99866828
91298914
15072753
121139529
106365759
45514952
320817
73570069
3860236
113605621
38423057
83229490
79511266
85458191
47303745
39821290
144930707
59139502
159849466
6893830
87370951
1693770
152769436
84334128
43779522
69427885
115665651
73684952
152636887
15139829
82719518
71210801
118173478
152846128
96629946
53933256
124277642
31658079
55070371
17436425
126669097
72362590
114133135
126369897
31193037
98525998
54977208
109846063
7116118
153864015
3044184
115762890
12231077
85605026
40563849
35447549
144021473
116248001
89363953
40688664
5783818
33031026
36767715
137541439
4585746
37289249
10692536
101385058
149366021
142934118
150241190
62401690
155662803
24151218
111051728
127206540
121754417
131059736
157735336
106338992
142166013
44178279
87725048
85463824
45003389
58745614
63223589
149624121
130445155
136281545
17555511
138200577
104431809
16553685
145972538
93011044
96944140
52199097
50626260
133029084
22669393
117372217
104007400
35478309
76920582
105023899
134956342
151909045
106264155
118871157
71666674
69885933
35894874
94879953
158332801
114804410
88075113
56127018
2435787
38986599
21051499
87287965
24873347
11923926
86429933
12132004
26579858
147159804
48340770
115968731
21393399
10162094
37421372
139337304
40593296
53984772
30973267
113782928
142188708
142241613
13128301
7616282
120564692
132270403
131323799
118199649
39266250
3447767
94424705
64414314
51412015
148252456
98306170
136138957
144461082
127440179
41331810
97623727
868169
86141487
33304856
120724546
100731815
15326686
3237844
113104794
43382295
41928772
120159558
134250370
83574142
85194884
146104778
146134531
74697174
147621909
23063191
26189321
128285000
61106221
104953536
81301331
112573406
136956036
55807695
114133209
85092861
108754549
47181004
155688965
111355349
68840078
68027837
9952409
89314161
125018603
2505911
74560738
139322309
109674993
73681036
155377781
138344829
104350704
64713850
114966949
145288456
11319648
128098478
63227189
35773816
53288275
3323271
95926416
130612617
119155439
149022392
33733004
132099170
77534965
139597536
13585601
72263085
45439455
152701137
113467410
52314407
30768145
142801456
138771694
59508339
153558034
9166556
50205331
48696455
111543024
138753374
109509503
86049482
105867442
80717284
26633250
144539347
77072936
84331101
120078858
116128763
128910875
66735755
3266703
92251735
30769839
127770819
59654499
41309901
45374860
93500754
157419758
82627878
72468882
43653575
133893108
14420213
42376276
107355245
132973695
158296885
50727230
67831700
105523413
6912470
52665498
10748922
116671884
89402131
126527440
112658285
137723579
94192901
43578191
93726314
75460550
6509556
36566470
62982639
85085589
8083120
2923671
34754794
89865634
125403299
24745395
79798095
24691580
50246074
133875763
91220194
86896327
142411570
53641142
61043584
94384933
41314678
38278707
87645958
81533092
15551717
9853313
25863973
20348345
21993637
21352842
4260990
142357934
8328724
29981524
60592577
155966712
101206705
81475120
1286823
106288258
83761650
156746115
108462284
54504320
62275916
139697769
74492583
120977742
78307391
37624717
37028360
39286117
55787897
133867855
120699273
21899530
84121624
68860034
6556955
129021372
156631521
108478177
36477099
102765328
129543154
1856005
115119645
94366701
22622721
8490745
124285981
90123100
38606817
46980986
147627665
116357021
2391063
62236716
31194050
56779446
21639643
2366406
120257997
105879026
47954551
19689755
134579300
153037162
125272965
11815305
84543618
154702353
8939212
152402946
35258792
117606421
82364259
126883253
44766820
137305726
85719871
22777500
51637705
148832919
18520301
53210996
65391796
4380333
131153104
127790765
118107709
140962617
75705911
141927345
104046347
9908793
156062475
18126185
62913199
132515720
31599576
107093742
115819925
4978253
95122493
66803907
34958630
87613193
52038474
128386545
49464082
55520121
1765926
21867397
159561631
95801266
128992727
43798180
150456428
47854400
96651173
7861524
131753222
125570521
50534261
96430610
75856208
133484853
100967265
87818797
45575961
150350806
54718761
720292
54486898
141602690
56609996
84082222
156463692
23336233
88540702
140173353
53230017
123022685
73450133
137430916
140269343
50001313
114874511
95347452
82305257
101764623
7733391
72183969
43834027
146649584
83730378
151777059
122027308
93752763
52972483
20201824
53185850
101373796
84072650
93936163
139867720
37246570
5446070
90937383
40659619
99503232
116822195
157943392
9288877
145373449
71646587
36923340
136389029
33031188
61566132
34433805
61907965
98072691
76427299
3971226
123503195
155869792
21405114
35408556
89761396
14250749
79932705
142114681
112565651
61635443
59367672
32440796
79976528
54979462
6200321
12958377
103274467
89744940
90782704
27736786
136576304
125251791
140151888
2945288
1968715
12105942
69604308
23696774
116211600
118908022
64863521
109717425
87799717
72268406
9788541
56250455
46814502
29371510
39777860
14715564
88984151
3240126
80960216
33283051
39672931
147266825
100447704
157554070
131924629
68301991
65230486
55941438
116922319
132492058
127700097
81236379
32796212
34134003
39144188
154929596
41677841
159638091
84346679
138595162
52392475
142407126
55239640
79656936
90442208
41583899
129662724
122858961
138413599
63989048
80851619
81427402
19718650
88854469
132703068
60814278
22285064
101845450
139151734
128126741
157330050
43478462
18748919
46274062
75424212
27544097
66545498
113843121
62051970
102414681
66832839
68599734
43956214
153698137
49775463
63317645
17421112
10814914
130648356
59721584
145576973
101230183
75478199
33212583
60505734
98444252
48376117
82516202
77640295
80294302
6390163
82532279
49716260
70909863
61092212
104245248
69940277
153504752
62964905
122421933
29456416
69432997
102807925
89926298
79992086
31846606
121161870
79140341
102392848
83920230
150940144
33765207
7000621
111982040
58931900
60301495
23257914
129494488
43261313
71895136
16645002
25481906
126587628
104911798
144962698
144012423
146744184
68662128
154244880
50900652
6379124
127976197
55806512
5674006
140749263
119424542
3083704
91651016
27391815
55697135
66255664
92549321
149371465
139889514
41056065
143888772
103946525
138758935
152676936
118094422
141624237
108300317
151109042
7065028
48704857
38399895
100331369
2733611
110482500
57322432
72291376
135662966
127810214
20474427
54287851
124858302
8388079
30683080
141031299
43095270
15810776
134357697
65094795
142758511
485462
157598595
142447689
117170733
67914453
146470939
85133923
17860533
142996163
60897902
60065646
146904033
111466742
69260969
62748234
59369468
43185166
42615446
20586139
152470795
137278633
98214607
82273119
29810060
114130210
6706468
2901362
111235776
82917801
159838136
38907485
54005562
27847361
109122197
85883087
65720459
123532750
99660835
153853123
65938482
49681477
111044254
157455891
110047776
62065039
81863620
113328073
152662086
56973562
74231604
96584862
13407199
95679887
159279166
14292355
100097995
103272480
239101
67084643
151878330
111409336
152784153
131161892
61725724
134792586
63163373
25131968
110762525
71834300
120757608
121411095
7819064
107129219
140376590
112582714
14087828
21747601
119448788
42229668
150489226
94354234
46496872
130487414
26630824
37241858
135009553
65302897
19845656
69873400
4715626
103355241
62140390
103143587
146858373
143567880
70464375
95632096
114534456
126727847
148275012
147775285
159857647
66221685
92001484
84133661
73830003
64483436
84241508
101221862
37191840
43673975
39205962
119983191
95127832
88576215
118383038
14101509
51671375
28856370
66523842
63072512
5312870
105278578
146730820
67401421
52120799
46313745
49932769
9159456
47383687
16215664
45436245
62548442
8504251
4242370
144886079
143499219
111095436
132872349
108912328
138921177
40425575
2740973
46593370
34654342
39696316
106079922
27334970
107341844
43707181
134140713
86234338
129282433
76460134
18625160
8449176
7771004
99243279
145204629
95819973
34033256
101985413
58857501
141713751
25488900
86612887
134108296
91180625
75980737
42225642
15136767
127301402
53064385
43597549
65098257
119327050
91206275
35056685
27901350
93016798
123059342
132897899
111102129
93331439
16608412
94914007
108705362
50817332
82922761
16953318
82568803
73142065
84560797
31633457
98887950
100829798
135904944
36216912
64901672
45779448
18102125
120983636
96470088
68450466
113555525
10536148
18353128
57107726
76711805
44152929
33148422
115169068
86048753
9458934
142283948
14044233
45272450
146801712
17745254
73096778
31493336
51189373
47835221
55780734
101912430
141144126
30356842
107447507
24585807
22638676
80593147
83271262
138931932
111407852
57847774
30536753
159362034
97261165
126298513
120064133
148351689
91023542
155875713
154526706
27454839
65883129
90843983
75721408
58835809
63674810
156097001
728103
11805069
93754426
19055019
77465488
77292994
39305069
15166024
32259299
3164316
17519184
67095435
23942046
128518054
32357044
114301577
74788398
30949906
83267178
39115555
3570461
60966493
148557833
41212226
121374791
43291311
146054541
68159741
136245849
82131048
45798049
21573303
119140079
85208934
121467061
82039625
1758976
136242219
63623765
138168549
5379548
115085492
26596184
104971692
150222301
136606464
59018564
51118011
1510159
32379031
157605563
48251529
53018684
48947089
15693232
21226219
132858145
55878923
91311542
107361600
53767660
28663107
81950856
88322484
5148332
116144041
104403280
60351360
119388711
49047604
151543054
104372617
71019285
148737104
93162436
96067540
133148990
866680
122095034
80441586
58135435
104784283
13339864
152645455
149007546
67909110
53557231
57222856
157709812
58366156
12825839
141691026
130018145
154775290
126346249
8717522
102580331
96800922
85207
23928024
137741474
107832959
14726055
74575146
78714679
75605803
139546291
43853220
2116896
125534674
106438708
157439401
120044421
69229107
40333627
57305591
65385229
63180194
151130885
79393840
135822948
84903471
47040588
120996479
43715694
16361775
54864553
69557761
95074548
81637088
106745284
116148242
80791525
124363870
117518024
153394885
5951947
102577874
100989798
69356196
109673612
13159537
41863730
13573887
107754099
129655750
22012068
39809314
147128041
95417268
71181479
45068737
20918534
98239532
70617299
2828838
122590020
135319782
122799477
118711460
150249279
16903847
138478355
95890246
2097918
77117271
73714949
31236504
8093714
22929546
97340435
27295020
107410305
30732444
77143219
58046564
91746316
21750251
54749949
34910861
45250665
90119513
51464432
62286458
159905133
49751627
5280025
17573277
102471314
55967704
155816622
60936391
135797249
52432663
128764889
15828922
117138308
41433449
86353712
15489478
7604507
96294820
153919652
102011114
82430068
20261657
59422044
73640534
88020977
150550718
3626345
142421335
42569715
41608344
20866529
82589166
20822303
61916867
11117517
110096060
84874565
119718506
24504673
103751251
23289317
96917404
76630771
59934297
119432138
127173982
104284470
6995256
151508461
84255413
158879852
53983191
157660904
114691461
142639206
138704711
59291863
121101821
148570041
127248213
111683978
34541723
102495800
108745419
115855764
23675376
159499724
25089994
46674590
145799660
115047202
141944395
61981321
39261793
149541919
84382335
142942311
79683311
158785537
48180580
12028493
85920652
77420834
137800030
83513414
5916983
108705698
44701526
9481900
94585818
69430786
7018372
134091336
103507404
84419442
40868216
128486116
116664437
25961596
98879295
91997295
2258374
92359502
112548483
111925486
84549987
143840198
150173077
14261998
28975345
79233401
101750769
84696224
7336406
14600510
34008353
16518485
131688852
146480320
34082125
129668232
5485953
52067726
138056382
51697087
151399923
1049982
35045592
17258400
103667544
105836461
119547228
100773786
87547123
75406652
84196269
83029137
108241612
110329723
11024894
102610172
84907699
51472267
17537692
17838518
54368998
33814019
144045990
157543805
129554581
113418291
42402043
85976757
21955573
134086527
2579485
26999410
142799633
99983891
99149669
46766796
146774321
78322306
1696918
17970196
126730240
28036894
158389515
92686363
130108683
11904107
90693404
156873997
146793381
6411982
131923320
5770434
90125613
51237830
77129951
52708861
33813063
41612134
50964288
128595069
71817151
136789259
121120213
83469825
37564971
57859010
85066435
101350185
49598490
82126228
84916663
80824702
65331116
119051986
51093787
24049130
35927846
75661765
96741020
39058436
135600132
139001330
119950832
60088918
154802059
122275724
89550068
78929850
154021146
99210337
5287968
150184841
13387353
123997528
72804076
24640196
105745942
4312577
73221484
159300495
72271220
74083326
139593551
61535917
114215881
72278823
49745565
19382368
64967365
12282902
25909575
2054423
65679652
100584242
259643
29373222
10108027
64906784
146015168
144259466
29147285
96675369
134124438
25014211
159188296
121430798
157352463
27331979
14063815
57556027
17473142
106864685
39038593
120201676
137005726
110893798
75655003
59758033
36448892
91964631
33356622
122743161
84134829
127530298
70229442
155689041
17722342
120335053
19988674
57089915
53500997
106776526
128150090
39672286
4357058
101784579
74051372
23652174
10578573
154237972
113751484
69738605
60120833
94290469
144297863
30421928
1508890
135870503
37482474
76899883
8775841
142646256
119740612
113762329
124071628
52563128
108339591
148700008
20372140
140195120
137640405
146996968
126125203
88974048
126748484
97846722
104840836
148722074
143615674
16135382
81732716
150779578
58709665
106442021
134095672
102828618
143233359
109518015
50995253
121684066
89460249
36509394
95581469
151024082
9082646
155028929
4653164
3458140
42701903
38386595
57082120
103530862
123688822
58978251
114878646
94957886
60118898
121867341
87460820
43912737
27616869
102865762
50889484
132826912
73470711
35623247
50941054
152156127
102592682
70172464
53579316
74462613
5226055
145176899
16727444
63447612
110553947
80309825
16726451
29559126
136587365
37029910
106551186
57556958
61236459
100231757
121791133
63606840
47390468
34110335
157490308
63200668
67264306
112660618
96737640
111802340
57522114
158894164
127825749
38417118
64751547
52067270
34899473
147618259
24021540
61976261
47468911
86500336
118716598
17782050
15947715
72040162
4643325
125442319
66543169
119752835
30343739
18005528
51111816
99335140
63573167
58981057
32037228
21747289
140862277
141642713
109792290
69502291
16198549
62816610
105984982
11636334
89034084
110708223
146167070
8910416
67609975
137076793
71913587
146386351
71618658
88493224
132969953
41340544
99480317
64314383
137724139
70764392
25450236
4654447
33497143
223126
114075010
21344890
50704569
149397123
23875404
89432748
80726412
45707877
119059599
121536259
34325103
136633279
62428834
12593386
65118966
75528574
132035979
102967128
133283329
85771203
89212440
56607438
14589240
12947815
71786681
34849617
115898956
100991789
2415427
121416731
135633532
155888006
44013918
87279234
87944986
81399584
31101844
112351508
9922155
126954443
99130395
72351325
70826997
82318609
4054344
53879238
138730940
140553550
55798989
27226606
116251168
64484288
126340865
54243266
53240454
513278
111655910
7148650
73654814
47421375
84464279
11990900
28946559
132678393
155203619
43426521
53961198
19318319
127092493
103824391
145957203
109596990
43273438
121707672
19997570
114113660
34959449
45639128
79337097
63557615
72957307
113357167
102457281
26957615
52362996
13618495
146936271
26725517
113910313
28882434
92876740
82675722
64656134
43406255
84665851
101070309
181031
100612844
119642959
29175178
61294883
78898862
119436629
69344006
130731749
628972
82945844
115471678
51890731
45838456
145104707
159628130
4084378
155306975
32597044
45520781
45896458
108879078
104408657
119795924
150043432
1353103
33948906
84822154
139981174
42438533
73235990
116086367
63784937
111839693
125384386
14101645
104694717
144259620
85089541
132615012
27789478
39412786
36150314
100216448
27407447
103284685
82084335
131902751
137171740
82646369
103037757
6875752
72469910
44072918
110603343
78766302
46826679
135529280
132942753
2399022
123920729
49042658
156549250
159722383
58770430
121623674
58745714
76167971
155343131
149314586
98631021
2500835
58140073
51315695
2396606
67945741
96467908
61183455
126881926
105518784
81334822
21446247
125233643
109722794
87023540
139904292
39000387
10768586
52275403
148420465
106691875
137598648
94924339
69239573
136894252
39431598
94845525
41022328
156714318
10727884
41754543
31183695
106952045
142194649
43176990
117593169
136472197
15561713
43557477
46676942
107454271
152675008
88607836
109674992
78130156
10050628
91366510
74125573
61345037
149451310
59623408
20322081
109023406
62792148
151144783
60466252
19192900
127513516
45066959
47632572
31411700
46367907
74917084
151805402
33769287
76706628
127881328
7729079
122893422
152877579
37228075
23042412
63099615
74509374
132276131
103217581
105549905
134556828
520067
89766869
34800459
113794485
81382542
137578365
27174742
118567916
131263264
78416239
2078648
76265448
138148112
98976347
60167910
158619035
110935451
106401744
94751448
122936304
14114273
110068103
104210263
27897548
50863515
62999511
37052095
101917468
34999492
53555121
78572891
70981298
102432262
125656296
46067922
7434595
82275210
27548340
91414206
109858287
104690895
38728311
58715832
139585185
109849774
100736514
56436841
95845401
40390209
11824087
138554689
52087715
118807615
49827306
127996064
12591308
127084693
93375147
65731952
68410661
23715949
159659873
89189642
158955989
18851387
90174272
88975858
32005811
55616209
107295305
31843513
85861085
60762223
132760258
18139129
75200790
17839758
23096914
23295482
143149560
17603746
135033607
73594242
23827363
153823074
22349304
83663933
90932034
104813823
149791777
26631102
69243701
41466088
122767364
70609577
105801339
67918890
62922834
137261568
54656007
135308686
42779179
141767487
18559103
61290316
78259788
6713246
77601124
104029223
14975267
21825450
115642994
115725030
80959443
84212234
31380987
104885803
43031639
93087004
42754875
38153150
113299230
128549713
133594828
157060510
136807642
82973085
42151733
144507922
125781023
80701930
36129526
50986383
118881740
36159294
62832084
107624518
111062777
98267266
42269850
128723850
35020285
115357444
93953932
155977694
156485465
63772156
102621654
61187818
43756427
137134043
28261848
54438331
61130069
40224369
20378735
139807431
136502248
115439247
31950868
104065044
61400578
87304187
147290807
145566967
64110368
81910508
111725795
94277634
22446233
19228238
94836088
140440833
7227369
40762458
86497890
121872005
40306800
120115385
47931619
55647607
157701297
96242354
22540118
41281955
60800125
130239728
131432781
40399954
11201103
64319955
62573904
61902798
133119138
92068960
145139662
60792345
135072399
61718186
148997150
69601247
76918531
151575329
87926958
18648571
134714830
71790410
35555229
120457685
83320753
133311413
20507859
46603623
45622196
15253735
60953565
13245087
744939
136512150
18398095
29692881
138343007
26295923
43507514
106983566
151822706
73679893
112937153
111086656
91691903
142348780
60956750
66456109
68260551
137356262
83417611
22978927
44991145
101992473
85346491
21913801
152941450
3952336
36966039
79089449
1393588
54949063
137077386
62922785
137204690
152410579
108341814
138339685
137330214
151328211
18853746
144503424
14745930
152318160
95859217
105732813
12751236
41180075
89720674
92453921
100410004
47962574
62600697
93299623
24877789
110588249
100085759
19820165
127702852
42054180
138051749
130826927
69226338
15621065
31428407
91078561
29647144
59877491
145540935
156648750
102750358
22468625
52797175
96199157
76113631
15746020
11091919
151307111
49366569
23717942
96546920
54551988
52685451
129422873
69818706
96389849
104091954
25915994
51986622
151398689
144898779
90315822
37715491
25331495
158195431
119546584
62059226
117462485
54541711
8966676
41908986
73674140
60643967
99950110
42024254
40153420
14206402
52573714
29391085
96225841
34858638
44528715
55203683
119201350
7786218
67330769
102319724
126510875
146652222
11425135
81021402
11259833
85494224
144503969
70884846
137803660
93003509
80521599
108335330
21749188
79159878
110101998
42615033
104922759
84765829
132357630
68084701
122138454
150694354
44971717
149910334
114329299
58842327
17907064
33901614
48252631
96221406
83075580
120371191
94798688
29334125
57752508
47965991
82311721
8549883
644522
126700156
9276987
79082293
42747897
59297943
122729020
86413190
122623812
82767401
23605681
129403343
61592822
114140459
23656631
138319798
47531676
50882927
19428711
72412767
30516589
102748248
152462986
14511045
51690053
86347478
88293213
158028995
93892669
15336655
108224218
148064215
8880387
26661347
25886564
44988188
159002005
46594037
114759695
27832632
20083519
11678951
112467468
63079724
124240635
124947691
10512918
67091546
41637381
119032885
117981378
113349865
8818644
15307983
117453843
40226620
138729133
26389074
17317941
13247624
119953341
120885149
120335434
16769682
33881050
157408337
57464319
94309384
137403501
20442537
16918803
90293543
131786044
45702589
3957170
61742185
105650748
98007344
74445349
122698607
18573183
107895396
69041611
111211111
137265063
2204522
83445999
17760860
71749665
124465210
15317259
53974397
4678848
41669903
122323493
158147555
143290364
74480124
157165785
47595526
10775885
89625684
137694250
4325148
44495235
128758297
46326981
45023518
148828544
5278115
116909680
124065587
64856900
155888148
98676736
85796864
90224163
4408662
144191373
57474611
11730684
121777242
113301342
102750558
35268396
99016322
56746603
125045010
124553925
150951379
92744009
134043719
53958671
81805610
80693088
78650378
51306180
39155308
71882661
28205262
134996060
123317196
111743040
74168987
66927943
156745270
17939342
71725688
126736064
91409014
107963061
82885008
132668823
9951382
112771600
29134726
33003568
125016076
53466137
101530861
103456538
124557063
77923083
59297990
62048423
83641931
153373457
65401892
37939887
27275160
23926335
17433065
19324389
133943914
14267793
116660002
57153731
92738404
116480658
155124884
16873237
114126932
57318529
65100562
6839947
124757217
105390647
69930787
40285212
28584474
159448167
52375794
47464316
70906821
138683384
127237070
148891000
149149681
146241498
155292135
9709693
157057688
147114427
125016010
101304385
60999808
12195227
33123514
147503074
11041002
48184036
23931624
75988771
127560847
78277709
118032454
128436278
122403542
16894394
148082482
24525675
112391649
70049508
27565863
11942821
68255148
36779272
89824266
63668171
116902466
22409623
155655505
138902994
156559071
152381853
8708158
116880304
73149567
130003363
118080723
56982307
53325860
37157005
75369983
51959957
86904843
154747457
52105818
35828018
66015577
47347813
22347812
32960386
94573045
115984368
106834112
141701590
135327946
114041819
112038218
18736325
85707121
145539734
84557608
104863242
159270309
92922902
15123632
140705916
64441460
151550869
122169897
136228995
154415009
89258824
73524692
32940877
136636194
65583166
16389458
46726375
76632357
111009967
14654802
117001862
135747058
67705329
46709944
63923546
62736442
71329286
69835145
64865828
136243386
25721866
43885860
90628152
112348493
128645754
112884890
66074995
155458738
77183403
62200806
131791185
12981446
11715628
142327981
43128891
60968399
114924761
105276181
115125248
116378881
69893830
94364724
1719129
19651046
26127630
125370019
71092134
139072844
158724646
57197708
146043329
61037600
62502751
125913769
141225502
62016599
85836544
86719952
156161737
108264339
105546565
116768131
54797245
127768741
43344638
31833962
78071710
129005795
105971826
78947022
105449093
29251208
53002408
44273684
118242331
135618930
77255058
23386400
134405089
49422104
62092006
145665267
130606989
68841458
9658712
24800832
9414076
55685636
56707890
129945154
158537760
74076458
159818632
158729489
7372284
47218605
83777290
156747716
79970530
111304578
131078687
121562583
24594332
142843788
9572802
67330045
75030197
81299440
136274770
34392863
72573212
120618758
30958523
117187319
153845266
121394058
47694028
111542776
104167859
85280031
62365066
49915268
17186555
7173757
62760452
114003248
130456356
55279757
41846773
147375618
134997208
3953056
77602925
18701525
36027134
154834742
5428243
45176894
115982830
25446582
127604482
12127109
124513621
113932459
136251815
24079902
154713402
96094501
32276322
41700183
97594815
100240806
108833062
79461887
89900631
131594701
39293687
82199026
66814019
62777227
152771458
62095234
42898724
69277593
114951536
107854472
56427789
152519569
42856009
132318128
142743976
133198723
91344253
50400613
89564503
41916534
106342959
13299559
120075655
47188199
76158025
86138607
157810482
128424915
118250625
45857401
131177553
12011904
100252661
92704072
42317913
149440416
66229349
97055871
5369653
68147725
81064481
63834707
98954040
45284311
159129817
47668216
32601564
48185000
16946052
16198497
106475830
119260066
4074337
29922984
22624444
51872279
64008411
43066955
114574117
101157415
25810575
36574530
63526198
6821772
118382293
123442864
98000681
150953250
14304492
2850459
11269985
101055808
99425148
37102155
6906743
76322595
3534770
68359624
122554962
134554090
107787778
35903479
8100244
141319381
93226923
121369777
125640142
125921884
15126766
159300569
117909644
124322326
7575982
13651689
133081428
95264631
95207026
52836992
6725221
79852909
87615353
56664935
118616462
13535547
53663629
77446532
9528907
21653011
64106221
5057953
153698816
7114028
29943296
157426085
146280606
139905006
36696278
152787555
73889163
91135464
155754161
34865758
123817377
55164648
56966547
33548575
114420306
556471
19332153
19660490
17298605
149470947
132374543
81620662
113194329
41228649
95591726
148644577
90239424
85646477
71858178
83813507
129026484
63981921
119622257
133194395
39150335
107156621
148401786
53649887
135693174
118180588
115625693
58276311
59646149
70793810
24842265
98805331
126272972
38823641
48691509
87944957
118801113
24667501
26741920
3020356
110485511
8492916
97510236
12123971
54079732
57952325
79226159
41953399
134357664
94114819
120150961
68152921
113070078
12387647
53097629
78626804
9282494
31345001
38369562
29706202
69394384
120652451
65466214
125617536
24733203
144572329
92872578
81289797
71308181
109504576
78180958
71152419
66253518
73542032
52440682
32921134
142904926
39590309
142599628
76619348
121944566
59462613
135054893
52723906
147259039
145253348
36675063
141279094
67746793
59432692
80097561
64078587
143626202
102821177
44458232
17331514
22843390
96385893
28953875
38105279
114797411
41651127
77807621
136048928
4843068
11059609
38049487
155706379
154536996
118325463
34334399
62705390
81680556
57164949
46396261
68350304
146452185
112635950
131961015
3866599
116349193
124898683
42880205
102029865
146550990
125795181
68233493
25017273
66699561
133374572
41375465
86211280
124252469
96143369
77497254
138602455
38161887
58350730
146065493
88581190
60910688
73216071
42218861
140704280
104673493
16242062
37886168
132659208
81672553
117192150
61595580
83339766
135170680
90756399
74925965
26176879
119465109
138582900
158185379
38653792
85534544
149603948
100784457
74657467
66535963
87223797
101782282
98847912
40299467
16229794
118017822
122022718
16905038
7144938
80038872
82744909
48343818
81318555
124642067
37212100
148308368
125079737
145875232
147318371
56657260
53599701
2796168
48502841
149334224
145204171
75387773
87990226
116872054
124217731
106224268
149359308
123287754
105778075
128881478
87264021
150226235
145404360
38642227
77480096
25036015
31591130
88557043
154515833
150073244
152785482
18053957
91630090
55491602
127254840
83333629
86354853
138203424
39702116
19416922
36345738
63237909
61949648
78328910
152636185
98876812
11596014
122614931
24451820
76111898
112411019
22849870
89383775
136171279
34947465
22433579
137913476
6755770
144447900
1516383
151719432
55546225
46230549
43807931
49312255
12168719
59131416
139902346
32792870
125247999
71045519
155655588
23815732
68986362
38877193
144954304
33909654
11337782
24997096
141750803
123883569
47123034
32521378
64975091
34134045
52806793
45948484
53085159
72390584
39341061
50796793
910277
137578795
19563508
142931632
143924745
119398632
102308779
98500447
44147533
44889776
71954598
155698278
27237385
72073062
122257507
69512538
40772130
27147489
32179399
105619144
140531143
93157604
84122019
142624795
34379658
22542821
2301246
128460586
12661612
133809444
106180842
101352140
11573176
28571715
152612311
79015823
123241241
135046833
43540474
114976832
75975493
10163167
41141829
144646655
152741813
104584708
117186399
13493146
67970938
66057821
147637708
4663846
2624007
55119377
88505927
136074913
45327546
50099928
71001138
13854436
54289382
59109629
81720510
43216009
107293339
79542169
131879749
70686077
9598931
27003023
120757022
90618185
97789523
65824744
95729113
42347746
107695189
120051125
154837168
99636739
105721187
75309094
143443426
8542220
156332065
20409218
149349023
102072946
46765440
10101050
99140570
120663831
137704644
89806840
88184242
126150895
26406256
150546308
158675614
74352187
54107948
154893382
30162773
59361544
17667725
109478029
120636625
99279856
137801839
132232926
53112622
74990070
146062690
127706510
53409723
114747324
117258291
149310789
3863401
25163029
138017399
41358399
81919658
159360590
90072227
18523696
65350697
59366145
150028705
59754014
91690367
35544980
91693351
28307747
35968944
155498265
56745547
144489084
156326577
135973655
70658315
145927156
562849
85970485
46020478
92944490
106654543
29189368
67713273
96596800
92844226
157233926
75871801
128980456
150366186
159937722
126544871
123920991
95425330
10729195
48722597
65733413
117507127
47165747
108752274
35926676
96542285
64304478
148108196
29526661
123938661
120319786
34822928
127627222
88776823
135961274
139137422
28106198
153471379
139308258
138761830
157639838
105170625
120496285
114416547
45892262
118885106
51622687
150345837
50467377
130887381
124883901
49463239
43014400
117128037
159773524
124719489
92856776
34760914
127142672
124403052
1643420
34340991
127762664
71827809
20737865
130780211
142500415
95182399
29999012
101505798
84297407
33473564
10813778
61513009
78471080
84405983
135049087
139903640
45593790
91657720
21635294
65074504
79974768
93232290
54316586
101983537
2991440
152390421
86029152
55340712
118510149
77183804
100630975
95075533
64203073
116979974
153294305
106163848
68872474
89461681
153376127
133716795
9655677
132244008
29971182
70464730
3373828
122184325
152088384
147822801
50608828
104486633
9066642
117687506
9834679
107959543
159132296
24132657
143230388
67814929
53407844
15681900
70777986
84575525
112245610
110708745
158975564
131846090
146171426
93338521
99255848
60190024
42901929
46853576
9971951
81374748
139701380
37884397
24034199
12410005
28771129
84704834
33133409
42338784
86982627
17612676
149948336
112441373
148213191
108579976
115450464
5564412
40422
96061582
133759363
29169215
114519592
62449703
37309426
83552598
54975061
60470036
54256513
51746854
108403899
159393904
131989663
157780412
68074458
127675244
113110528
1670351
40505568
78938312
23249977
9455181
155245693
84875243
51137454
155065399
36438075
96043779
59753952
79836332
144371624
53240563
95064831
62396655
22531552
33338310
115422501
112332306
68314484
65209016
6173444
19422936
148168801
45829514
152952312
78464021
34509468
116538490
81786947
52278882
41912632
42605421
98109974
74041543
11570638
727893
45973303
63320026
46127767
12637319
7432773
78046897
13800620
150919800
36627915
117969198
94365923
147895107
119369597
72950485
107719508
100640306
70144841
39012038
106885721
1120854
39295599
134964680
80000874
141887666
111741310
114028896
32755460
71463116
25864630
153584771
28192612
27236038
134633597
77408804
83910497
124351675
130453022
53872883
117932522
1908869
133085657
12780848
19070752
47470474
91736093
101954971
54338641
121806966
129112266
19731870
111415038
13909793
73605985
42299400
68582507
5967935
86995049
80338740
4010907
50363269
60464280
89137155
107660614
150481321
103727691
23431526
49058028
156165486
2966174
81681275
76624478
9289080
23092541
44612787
45554887
4707402
130369235
104387329
79096805
129390227
151464354
152994515
17180007
16516564
5871830
78571206
59058849
28949658
145733579
74262254
82759654
105676903
111901741
135787184
20480191
40360973
26782032
125882048
88871159
5133003
140853125
137724015
29518209
92829704
62726825
156277821
146121368
83895672
100172488
100507937
89385353
131475328
96539920
34305987
4803797
87036744
103019221
19449363
98968230
38613709
46417833
109075448
79532862
150294383
146985915
159771963
106136372
50026712
139139277
111958813
73077984
27794645
156468396
55289781
47047647
49159675
48565035
146818664
58291180
14763232
109762424
14085102
71435120
26830236
56508210
156177445
76145511
123525886
80360571
95826210
110838061
18891018
10422656
159498231
30933171
1873217
141310767
6950811
145764579
29432987
83282508
31686216
26150726
9757011
152293297
132957588
56171845
57058280
2293879
66684012
25359136
14661329
127005738
12372930
93185327
33358090
88598184
36843631
43769950
98264937
59547473
120092893
105871874
6325785
47670457
34442865
126192014
156531790
131380613
147862474
8612741
148128399
127762052
108546799
31021033
51950249
75529182
47926873
110035907
80880774
25796886
155357159
22290232
5803160
10143925
34978833
153698831
127555512
67313608
19380390
70241758
119071996
82134054
119218587
84008006
147772348
19498822
9274289
21990934
134160020
44718778
27865130
81987787
101754873
117517436
53224626
108327687
5425100
105632932
42573515
79570874
59491052
86177608
66207343
12102724
45413310
98764661
125999066
5042087
134835816
93663282
141581734
148289298
137027686
91336492
10414611
157662836
132906044
156250644
18197447
41440246
33320832
69285059
46210308
11449804
65424383
40995475
88560878
39202493
61465045
75148017
78779825
125241773
23402625
75760747
11673513
14990883
45622853
91943437
115594925
34787723
31065223
6345605
73775724
76011793
1127272
150223641
26914180
61677653
136579988
60455561
85988729
67923456
33193170
63674029
51250109
143876134
125526226
61982392
40254749
52052170
69824657
109385204
152706935
79160380
78899478
78010152
41593836
146805366
138261858
121789326
92904550
98335572
141271942
69575757
73752139
52301321
96327140
153308728
139819717
141735853
28089462
63437545
130957445
93677750
145184110
31460002
54538238
76889336
149827142
56814965
38130048
90415909
1340882
23031224
78262527
116734188
103246605
18088181
70475087
122583031
92311447
117234802
86705463
102270328
128054398
116551993
70646030
84666014
4135407
48603191
65084208
74329051
73333643
135486923
64458042
142184715
108242322
125822094
67308401
101501708
71913225
87059297
52742249
34453462
76303807
42777075
136422802
143029308
117800633
39514643
153414066
84190501
36476907
150186298
102009164
137476761
35344352
127810132
19068834
108315001
5219057
50846063
32205406
6507826
32968648
42471413
92654289
122105758
106359051
94987570
14270651
142261422
5449178
55310617
779256
107089398
38998224
36769230
12347126
126562460
52084950
98027439
20259432
47390667
46910107
38518405
32982219
12299058
136731367
8514826
117163029
105485817
26209807
52024825
74170231
83045975
128874787
148275429
58731178
113325898
5865277
118799485
18107330
51551225
106921415
6558350
101335573
6558501
100989474
20122298
122569682
133216636
25158520
88753252
37132497
85396681
63187859
21362960
105389322
26229178
26554052
119799462
132983417
81465250
43388333
129897820
104880179
22828029
45661427
81906804
65237149
79980043
113812854
22798384
5159978
76941679
39951585
143939824
69002272
84486365
11692545
119495154
73786118
4942308
155362303
43919306
159927676
84143956
90316569
22373848
79176701
48922632
103794030
32840292
2538064
80036870
159721955
936701
105974548
155700308
108155543
127802152
85375831
123837078
70134103
92661997
14640311
50279827
119500013
113775073
158377306
97842837
87459945
3880317
3622765
158907737
36657552
111072684
13798373
158235106
92717658
72273326
27072040
154247859
26642041
154317586
119082979
132963693
81651725
67130105
132897038
148053462
120368904
27455546
125091597
62648002
105122625
133362620
50145736
138816722
87663626
102236796
114154371
79523065
85932260
97272368
22928304
128870887
132186375
55371415
39038488
151231758
141180048
58493923
74322248
105154392
29481032
49002553
16810377
36278771
22462620
157545875
85643701
104209074
33048526
33189736
32424215
76253690
103688165
104606858
106868435
81393365
111253617
66648977
65984237
56961074
4358992
135203550
49306041
100701996
29602091
42687381
426218
29794888
116247595
119462566
63348962
18514661
68377059
59474464
61242638
141610109
148553820
65568229
20280681
47158850
131561027
85702135
121109687
44432513
151860326
104413222
116244245
6893636
152330034
124433598
153412239
15292326
149371183
152605824
61204054
156242179
18749064
146449151
50438956
54170488
65343775
88690955
148695361
109433688
144858503
11704620
51966613
15904848
91969066
32533225
56866166
94462644
136621338
91894501
93854550
111250451
59536236
4825735
65934744
14933109
18238114
68150504
91912948
6565613
154875253
102378683
101354520
40279831
30394120
29396728
97341136
156655938
19545400
4690191
34542397
109835682
49161246
157479265
135080938
98165120
148872270
126677920
27201187
93794972
47718458
95402998
32730391
131096307
150849281
1115483
144525350
80755372
16027834
80580990
101487360
79446661
44571021
29075218
106732947
132844992
105651497
49145098
11064513
134900410
92126190
55389643
127678265
59056791
54288957
122750852
99952905
155776092
35171869
67059873
37246767
135788408
60135658
88100918
153123077
107484925
86235462
60438184
35257557
22437699
130175874
15505380
106086384
12654186
112018070
65025910
28005436
30684525
108953259
90022421
4141017
100467375
109920601
96031402
66978849
139168495
76822206
45244824
123852930
33995156
57077574
53176368
4917268
82038632
154790404
72849484
14758633
155423119
99846220
65317063
97966699
98566176
111745788
105139239
112514555
43908480
90955458
55819027
151496902
106052968
31877203
85809285
122581489
2542412
86964488
116781672
75115413
130630347
86526582
76694762
33345250
119365346
83985656
119226144
128990716
112910455
110430692
119916800
60000937
45682365
104871152
151261728
126558543
32608183
43389983
66645087
22942096
5236161
99685763
97981682
65335806
14951418
47546007
44899694
134363540
157285450
42788167
64599411
14373921
108555854
69643832
38335142
111629535
34360655
150281645
103523631
145582692
27169905
67872151
103445990
104866433
11955689
95900158
8476871
150701414
133040808
77509491
143779181
48566673
62870534
112888426
79642086
20681476
28836291
158968586
79164415
148142601
148904071
11056053
104566555
152460635
18038576
138269528
26322524
52689595
54431738
87437375
42618500
94063556
117150926
27686725
92573964
14366432
14172969
45955232
113088847
4974494
62182695
67634580
5430532
16706335
7820076
135018383
23815513
66635033
103049602
103220401
125870225
42815543
48771926
48403469
94933639
55790792
104012899
66791707
52601115
102327906
64105410
137621498
30517141
110463579
108191259
92164099
86722608
134403895
63729689
13327789
37444833
56614997
115860305
461769
46796366
128282139
35763168
85839859
158931557
56978397
120736616
33720008
146191053
149585012
57389786
24324834
119462381
5799624
9665827
134974967
114046308
71746354
30266373
109553934
58267343
95997044
108658614
63614403
113585309
51458752
60080816
53680434
100542078
23367026
101064113
34808135
139544269
31274256
127204975
12323454
119242876
58540987
70306934
131306436
109634372
3828293
107065167
102755631
30218563
40439808
74919572
52194964
37668465
95623752
143501630
128320180
142385073
113433432
47317450
110857493
45940654
36579714
148662867
99368655
57294532
90908851
158542130
9559789
35065280
46350316
151691041
117569382
65402463
117931484
84989336
156298187
93543238
132069973
132591868
78159012
159053605
71979453
136654754
94400349
30637182
89864970
31950586
102948672
34427453
84308910
16584985
113798432
15062134
90369965
101961364
50049421
114177456
47409866
1865138
159855523
140961159
78448682
120989496
74017094
159892178
31027123
126628816
68094591
104406359
57677004
53210108
130846418
150446711
150347286
78868446
125681457
156447024
131559615
23573555
34686446
45115569
59043090
56820855
134826701
77745939
45443385
74841939
6512851
62679794
122633239
32030848
142287240
118691513
61427332
61322310
67319008
146393733
88645667
113166013
114072373
124018871
142580098
90122329
50269023
65998970
141505612
12489096
88990217
136532353
119301591
146193687
25440533
149313229
122958047
39854122
20829943
73487311
46435755
42114613
121655328
25677920
43105217
149462515
25630548
16723554
42134337
134593931
46615644
91646957
146987906
149014981
97565255
87330782
83163153
109111111
148549872
136337757
87352977
90584959
4663341
99419128
21409372
124172024
77272684
82525103
136336870
61443018
78918901
91346501
95182910
63060349
132690029
117790278
154873839
5690612
16779971
28659506
26419360
13286443
44756137
86042255
79596095
29880499
78692792
136610781
127771572
119178213
9732167
157214359
53466577
66966540
79455104
3426429
119945650
152973924
87853560
72436736
115936298
117261387
84348753
155163391
156241233
11095441
5165740
146753429
47033331
132126661
151635615
65186613
138829026
65169043
13785504
143679089
153538110
74828848
55050468
80565159
22724290
46879271
77518984
140104079
151119816
115505713
101882199
131111824
87875834
129429351
58036838
137945247
50268752
63849130
67423312
56044050
154438353
42404735
13211658
100655233
133188028
75932109
132369781
130384218
14610236
30744819
87456435
148988219
24317780
16951528
32040720
26100894
158441566
25755146
84454582
4030890
122995818
74690471
57564728
109087232
24752043
148586266
149402852
47866790
8476723
42144820
7866581
6520272
123996513
153817605
118825426
114417743
14046565
17375504
129630024
48413288
96491349
45456314
75332373
68100010
42691217
470484
51299167
146125215
104635335
150332489
47914835
113072673
48153118
104984341
62422536
104170192
109480688
142078146
111902181
5667530
78446294
118977561
26187020
1237850
29913093
57894651
129972397
85983116
72864362
34287211
138567968
26023211
108511822
57838919
78540194
61463854
89197234
100833839
69956660
53063238
140686720
130956927
11605829
94062270
87370289
97390495
32288749
86629768
37392849
60884926
141984675
135885036
130956107
114575738
38185160
74888629
31119412
89742092
81685928
17414934
13523077
77796147
128624970
24129480
2328803
74885473
66689300
62185976
71407636
39128313
80042034
116294002
134312883
118083159
15593390
17062619
110830800
92674806
159731783
23448174
53477561
156804791
8363090
78891238
10760648
45329543
82283942
25214177
64178292
155483938
40741547
26390380
136654589
26402568
76587841
72458286
110821529
138357773
3544849
46922657
137783165
26576601
20041182
158674324
118885337
96398278
25402997
45900657
128983420
83941679
137330113
69006480
25540017
11166699
110133594
10265462
77656029
15481431
145040544
31820669
100978930
95728635
45452982
31862414
23711835
75516159
64344060
40295023
17828292
136631174
118079993
108485103
58991525
106610622
130901398
159634946
97154232
153356025
28219569
78982161
68611766
23760911
11028442
75876816
7364646
148483240
22392514
81154555
1052512
2668672
155595909
